The F1 scores of the Keyword Extractor and of the features used, individually, before commit 13153ca.


ComputingComponents.xml - F1 score:  0.46875
          is_bold:  0.47619
          is_larger:  0.10572
          is_not_black:  0.76543
          RAKE:  0.17894

GatesAndCircuits.xml - F1 score:  0.5
          is_bold:  0.32911
          is_larger:  0.47619
          is_not_black:  0.02684
          RAKE:  0.18691

NumberSystems.xml - F1 score:  0.22222
          is_bold:  0.16901
          is_larger:  0.1
          is_not_black:  0.38709
          RAKE:  0.10526

TheBigPicture.xml - F1 score:  0.65806
          is_bold:  0.01398
          is_larger:  0.28571
          is_not_black:  0.87499
          RAKE:  0.37037

Average: 0.46225